0
0.966961
0.92696
1
0.846652
0.999997
1
1
0.999981
0.999996
0.996907
1
1
0.999999
1
0.996585
0.9991
1
0.715164
0.994448
0.999984
1
1
1
1
1
1
1
1
1
1
1
1
0.998525
1
1
1
1
1
1
1
1
1
1
1
1
1
1
1
1
1
1
1
1
1
1
1
0.999978
1
1
1
1
0.999994
1
1
1
1
1
1
1
1
1
1
0.999715
1
0.999996
1
1
1
0.999998
1
1
0.998579
1
1
1
1
1
1
1
0.999997
0.999999
1
1
1
0.999996
1
1
1
1
1
1
1
1
1
1
0.999431
1
1
1
1
0.999662
1
1
1
1
1
1
1
1
1
1
1
0.999982
1
1
1
0.999997
1
1
1
0.992074
1
1
1
1
1
1
1
0.999997
1
1
1
1
0.999999
1
1
1
1
1
1
1
1
1
1
0.999836
1
1
1
1
0.999989
1
1
1
0.999959
0.995233
1
1
1
1
1
1
0.53112
1
1
1
1
1
1
1
1
1
1
1
1
1
1
1
0.999999
0.999994
1
1
1
0.999999
1
1
1
1
1
1
1
1
1
1
1
0.999985
0.993799
0.999999
1
1
1
1
1
0.990442
0.727054
1
1
1
1
1
1
0.992675
0.999998
0.999383
1
1
1
1
1
1
1
1
1
1
1
1
1
0.999325
0.999934
1
1
1
1
1
1
1
1
1
0.999997
1
1
1
1
1
1
0.999104
1
1
1
1
1
1
0.846097
1
1
1
1
1
1
1
0.999978
1
1
1
1
1
1
1
1
0.979358
1
1
1
1
1
0.999999
1
1
1
1
1
0.999999
1
1
1
0.999018
1
1
1
1
