0
0.522073
0.575094
0.887202
0.686771
0.687688
0.817245
0.649431
0.193781
0.606263
0.659159
0.790884
0.749586
0.0877428
0.184915
0.0543446
0.117596
0.655711
0.0255513
0.0979603
0.370451
0.575419
0.312821
0.387393
0.644382
0.317503
0.545047
0.296447
0.977702
0.38111
0.650383
0.203031
0.643176
0.970638
0.465309
0.902731
0.799946
0.638584
0.69809
0.683721
0.427537
0.446864
0.170115
0.107718
0.821944
0.937734
0.907947
0.401511
0.550055
0.59503
0.0869414
0.197753
0.11316
0.487825
0.779518
0.0290991
0.748701
0.923019
0.401231
0.300767
0.78776
0.556485
0.495506
0.890127
0.0917211
0.621643
0.338581
0.909503
0.997993
0.47855
0.108778
0.755166
0.00310955
0.784648
0.749576
0.209701
0.289407
0.111376
0.989384
0.0690797
0.171553
0.0583268
0.913054
0.180468
0.421801
0.718041
0.874957
0.0677997
0.925417
0.14421
0.701489
0.276068
0.116156
0.987072
0.984505
0.769851
0.140692
0.911834
0.021407
0.172614
0.261591
0.773516
0.504388
0.702737
0.647519
0.710441
0.820179
0.561237
0.126046
0.63999
0.677047
0.959781
0.248038
0.617501
0.609467
0.931945
0.875205
0.517431
0.0451048
0.0181511
0.972277
0.720145
0.85639
0.0743003
0.768157
0.395097
0.881871
0.842135
0.845746
0.946284
0.77028
0.448903
0.905199
0.176937
0.00412423
0.824719
0.657673
0.930235
0.0139031
0.822931
0.994611
0.664292
0.849079
0.0968208
0.502676
0.442423
0.628164
0.615306
0.612499
0.994811
0.389272
0.955687
0.727084
0.568422
0.294338
0.560757
0.216475
0.531652
0.424265
0.861063
0.957127
0.517027
0.636936
0.00397231
0.526301
0.542612
0.603868
0.0610349
0.408495
0.483316
0.14079
0.843305
0.694222
0.170098
0.0622798
0.719141
0.593636
0.735868
0.441694
0.470655
0.762434
0.231923
0.218825
0.967092
0.825027
0.19328
0.813442
0.103522
0.420102
0.289502
0.0883375
0.354937
0.71926
0.937302
0.821087
0.492828
0.162231
0.518517
0.814001
0.00538478
0.460748
0.159298
0.612929
0.975196
0.20644
0.627688
0.750485
0.298309
0.918258
0.694099
0.244923
0.261123
0.965155
0.0398696
0.760711
0.276993
0.0123655
0.924958
0.121675
0.0361303
0.885483
0.841319
0.838953
0.473992
0.808402
0.681339
0.665127
0.200372
0.722098
0.002659
0.29263
0.69463
0.550226
0.56073
0.679665
0.616778
0.0866631
0.41685
0.822752
0.794652
0.68272
0.14248
0.269696
0.729815
0.803683
0.394189
0.0110901
0.574869
0.66147
0.507615
0.132804
0.272481
0.579745
0.226631
0.39005
0.990022
0.789996
0.0550742
0.960661
0.10275
0.101774
0.783305
0.584667
0.760667
0.662704
0.793775
0.85147
0.538395
0.885498
0.554387
0.991364
0.299067
0.813467
0.968044
0.960828
0.512825
0.945559
0.664405
0.124739
0.989388
0.974726
0.9342
0.986668
0.929212
0.285452
0.750128
0.94434
0.929897
0.623229
0.814646
0.432807
0.0900057
0.764161
0.747407
0.0330919
0.772123
0.631445
0.183272
0.665334
0.190473
