0
0.843233
0.625933
0.318973
0.437844
0.368229
0.895439
0.381206
0.988332
0.721875
0.634434
0.401393
0.943799
0.303299
0.222106
0.586837
0.803311
0.224387
0.453466
0.436309
0.747265
0
0.101098
0.510415
0.98868
0.717273
0.0206008
0.256663
0.86198
0.204573
0.646604
0.443174
0.984732
0.979907
0.42444
0.632647
0.207364
0.837753
0.380504
0.523975
0.122693
0.195735
0.12699
0.881291
0.826755
0.0423072
0.788432
0.802263
0.333785
0.981409
0.969588
0.833637
0.327486
0.901825
0.484539
0.974537
0.845627
0.209448
0.748349
0.935955
0.802842
0.809389
0.862994
0.958163
0.819527
0.958755
0.958621
0.921845
0.0741916
0.339807
0.0996507
0.262687
0.585022
0.635462
0.447876
0.405403
0.880684
0.411367
0.987571
0.69576
0.66104
0.743169
0
0.434032
0.144475
0.779563
0.676232
0.0904571
0.428328
0.420835
0.48289
0.896039
0.466361
0.470733
0.827712
0.11498
0.147968
0.127102
0.630284
0.699976
0.401379
0.980863
0.987222
0.799884
0
0.441861
0.784181
0.725484
0.407534
0.0200969
0
0.793507
0.37784
0.243852
0.638402
0.377236
0.386646
0.370012
0.743548
0.606335
0.690559
0.257737
0.442798
0.183568
0.200749
0.603339
0.771217
0.185956
0.933293
0.939345
0.361072
0.981562
0.992851
0.489753
0.613252
0.147197
0.3009
0.784111
0.509143
0.729137
0.00274099
0.88241
0.405402
0.300039
0.230361
0.682788
0
0.354936
0.702592
0.772752
0.0723558
0.652226
0.222708
0.57713
0.953238
0.0402388
0.404731
0.413918
0.868103
0.308467
0.470439
0.817245
0.374004
0.813452
0.107944
0.616093
0.0829113
0.896467
0.336371
0.344862
0.466994
0.185302
0.399491
0.128866
0.555571
0.00713641
0.342049
0.215119
0.0330247
0.270899
0.462872
0.506175
0.985436
0.0217264
0.694956
0.0181038
0.403692
0.464259
0.280832
0.437106
0.986561
0.745721
0.254009
0.653808
0.505399
0.171637
0.534664
0.684171
0.0682923
0.504698
0.353344
0.576706
0.746808
0.710995
0.377616
0.673103
0.305473
0.819021
0.85501
0.679467
0.665555
0.0534232
0.72523
0.980767
0.474199
0.631014
0.854795
0.376428
0.599643
0.928002
0.579351
0.119887
0.906442
0.247223
0.510315
0.0799086
0.638185
0.679958
0.189383
0.30555
0.415574
0.344588
0.765897
0.549881
0.978639
0.332745
0.674147
0.439114
0.066799
0.462692
0.711008
0.128885
0.114667
0.311787
0.999808
0.347925
0.0792122
0.859087
0.136843
0.754725
0.931712
0.794355
0.150266
0.478792
0.825853
0.803311
0.325603
0.282173
0.106863
0.516082
0.344401
0.714133
0.129165
0.430162
0.935736
0.685078
0
0.968705
0.45151
0.94218
0.335186
0.548226
0.821068
0.481709
0.322524
0.706721
0.752127
0.857181
0.572829
0.0658321
0.991647
0.927423
0.0664061
0.483438
0.867824
0.0677155
0.231873
0.952635
0.306821
0.0495723
0.900417
0.986722
0.650149
0.570935
0.723236
0.494336
0.90322
0.315014
0.0538945
0.268476
