0
0.426415
0.700751
0.797017
0.883802
0.441366
0.187362
0.91243
0.948785
0.226432
0.0617126
0.493368
0.528272
0.224595
0.11665
0.354317
0.202713
0.696557
0.931276
0.145016
0.679187
0.606204
0.849244
0.389251
0.98529
0.861604
0.130381
0.602969
0.227434
0.841705
0.754555
0.455628
0.97564
0.703355
0.942195
0.222599
0.79578
0.894612
0.195812
0.360429
0.728595
0.335619
0.245032
0.485594
0.423515
0.881161
0.997723
0.57248
0.305132
0.0568554
0.882564
0.830926
0.872542
0.735492
0.912933
0.10511
0.665604
0.244443
0.182789
0.354879
0.509266
0.279676
0.480293
0.945773
0.0975854
0.13876
0.703661
0.47229
0.278386
0.228288
0.661452
0.450427
0.359598
0.16402
0.762919
0.817617
0.680297
0.0699271
0.924444
0.326287
0.688777
0.0920273
0.368022
0.265211
0.274712
0.471788
0.696715
0.302599
0.893933
0.0205614
0.521782
0
0.138207
0.269677
0.595956
0.286146
0.560209
0.822027
0.453846
0.742956
0.617125
0.34594
0.289013
0.951575
0.459975
0.052636
0.338521
0.969035
0.819818
0.619036
0.661122
0.0549945
0.938601
0.28503
0.343242
0.544293
0.206918
0.0909153
0.334817
0.541874
0.0869217
0.227829
0.36136
0.751119
0.11902
0.687668
0.671131
0.786229
0.650651
0.637236
0.436344
0.912825
0.29151
0.486529
0.804978
0.318466
0.931297
0.22273
0.229338
0.60169
0.820336
0.12489
0.158529
0.855372
0.986719
0.833167
0.393483
0.328168
0.162393
0.724851
0.389826
0.19004
0.621701
0.528021
0.621599
0.217596
0.124552
0.516171
0.495371
0.969025
0.295552
0.780516
0.543375
0.0489295
0.0329325
0.120016
0.2624
0.215373
0.804077
0.688834
0.279485
0.689361
0.203658
0.753617
0.981914
0.42596
0.416884
0.595117
0.262687
0.591245
0.0498036
0.691488
0.482005
0.546864
0.70833
0.513771
0.923757
0.159653
0.494776
0.865838
0.690446
0.328216
0.766595
0.765793
0.774948
0.211553
0.3709
0.720946
0.421723
0.459806
0.377235
0.9307
0.628324
0.976893
0.599557
0.94261
0.440929
0.486584
0.571582
0.49195
0.884073
0.309626
0.660821
0.125772
0.775044
0.909661
0.656773
0.60213
0.606778
0.923338
0.089034
0.793671
0.304214
0.980785
0.767354
0.587047
0.145562
0.792172
0.483628
0.162413
0.673072
0.0808999
0.549982
0.261123
0.634169
0.764619
0.377818
0.52445
0.483311
0.742781
0.139853
0.652722
0.393373
0.0991685
0.331217
0.0304327
0.696281
0.687844
0.177572
0.0430291
0.0459091
0.963493
0.672953
0.894417
0.229122
0.315227
0.11157
0.523056
0.458826
0.241816
0.931438
0.883452
0.983874
0.73462
0.960317
0.226774
0.558705
0.71687
0.398411
0.0381439
0.806195
0
0.282435
0.60353
0.15952
0.188612
0.195218
0.503987
0.932651
0.662198
0.0843733
0.404446
0.190101
0.302
0.292153
0.565107
0.144786
0.226002
0.675345
0.579392
0.514382
0.452449
0.84284
0.346416
0.228889
0.450634
0.464556
0.438038
0.996799
0.0530545
