0.27895
0.0217289
0.656209
0.680177
0.141205
0.643945
0.525698
0.106206
0.999397
0.462872
0.073882
0.0543678
0.945637
0.633023
0.70398
0.148924
0.984812
0.121282
0.39144
0.306734
0.92021
0.794475
0.22845
0.335581
0.0335518
0.5744
0.110313
0.594115
0.621532
0.620639
0.371711
0.169882
0.931266
0.540585
0.802875
0.579784
0.608118
0.577873
0.185208
0.205
0.48908
0.475689
0.718889
0.275709
0.170724
0.775552
0.0108519
0.0821052
0.942227
0.339681
0.777342
0.798244
0.641094
0.161299
0.288022
0.819368
0.26328
0.707407
0.0426707
0.500741
0.857881
0.737884
0.0123967
0.061872
0.11283
0.324901
0.6935
0.0344085
0.423436
0.0514832
0.566097
0.552903
0.848877
0.162989
0.095941
0.937329
0.593762
0.781479
0.218451
0.663172
0.819543
0.58974
0.710304
0.881207
0.296569
0.724819
0.944214
0.77536
0.322523
0.467569
0.483382
0.614824
0.864548
0.781243
0.303296
0.622026
0.926382
0.749978
0.465644
0.573345
0.814199
0.736689
0.0395847
0.881509
0.356457
0.851468
0.806386
0.261123
0
0.588367
0.371305
0.244513
0.425238
0.439015
0.604512
0.448719
0.461453
0.0403712
0.587583
0.611644
0.844545
0.103987
0.931649
0.671167
0.638724
0.354667
0.570044
0.0432175
0.0218113
0.726593
0.0748232
0.106843
0.255746
0.567483
0.468551
0.723445
0.963239
0.771459
0.828873
0.415085
0.406153
0.924564
0.17212
0.747177
0.436205
0.142355
0.218526
0.992411
0.193945
0.0172254
0.184928
0.531154
0.6367
0.152151
0.591377
0.880944
0.723745
0.726714
0.489906
0.471737
0.00646135
0.69186
0.270881
0.628767
0.60599
0.0875667
0.564815
0.89951
0.768803
0.14431
0.0837511
0.480348
0.107102
0.558229
0.35575
0.941911
0.435298
0.987706
0.353682
0.387805
0.218496
0.854937
0.28283
0.0178398
0.627319
0.970348
0.474829
0.839756
0.978222
0.0249737
0.150781
0.421764
0.701292
0.104795
0.483058
0.836987
0.818858
0.69041
0.626806
0.87358
0.584105
0.040077
0.98892
0.760474
0.497666
0.120855
0.242357
0.944958
0.939046
0.741657
0.36139
0.279134
0.274433
0.997787
0.926277
0.923436
0.387027
0.63142
0.528428
0.575393
0.285673
0.404334
0.429092
0.99055
0.187365
0.838578
0.301263
0.132832
0.518551
0.304421
0.634306
0.576905
0.854586
0.273171
0.536335
0.340035
0.194575
0.970533
0.521424
0.547766
0.782914
0.276137
0.589422
0.47168
0.759757
0.975679
0.783486
0.712375
0.823718
0.231695
0.131425
0.982582
0.686935
0.230522
0.866251
0.584355
0.549879
0.0136859
0.378384
0.253364
0.743823
0.750281
0.179987
0.104298
0.450154
0.739904
0.588677
0.205014
0.911562
0.417754
0.872549
0.959694
0.554149
0.23198
0.336204
0.606821
0.895502
0.8171
0.773708
0.0754052
0.641621
0.556002
0.701108
0.316927
0.918942
0
0.607136
0.777501
0.12132
0.150231
0.803498
0.902474
0.391297
0.390303
0.647877
0.015701
0.573558
0.937008
0.428017
0.7759
