0
0.999798
0.997484
1
0.26824
0.95713
1
0.999999
1
1
0.956557
1
1
1
1
1
1
1
1
1
1
1
1
0.999849
0.998932
1
1
0.954872
0.999772
1
1
1
0.991662
0.999993
1
1
1
1
1
1
0.999988
0.993646
0.997886
0.973999
0.982671
0.964673
1
0.999564
1
0.139751
1
0.493703
1
1
1
1
0.999928
0.939908
0.998869
0.992154
0.999888
1
0.999999
0.999856
0
0.848764
0.833839
0.994749
1
1
1
0.993486
0.678861
1
1
1
0.981189
0.999983
0.844519
1
0.0814118
0.999987
1
0.999963
0.960029
0.999993
1
0.999993
1
1
0.892918
0.999999
0.996685
1
0.987566
0.999999
1
0.995675
1
1
1
1
1
1
0.999995
0.999918
1
1
0.993223
0.66705
0.902073
0.913904
0.999984
0.941428
1
0.170154
0.99827
0.985047
0.99993
1
1
1
0.999999
0.03568
0.999985
0.925875
0.99946
0.926202
0.994736
0.690106
0.999953
0.999994
0.911109
0.999999
0.999986
1
1
1
0.999999
0.998689
1
0.445443
0.836043
0.999138
1
0.999491
1
0.9372
1
1
0.998758
0.823032
0.99973
0.999994
0.872756
1
1
1
0.919027
1
0.591381
0.988967
0.736574
0.999744
0.357907
0.999992
0.245763
1
1
1
1
1
0.847607
1
0.994483
1
1
1
0.166593
0.942119
0.994487
1
1
1
1
1
1
1
0.997761
0.999652
1
0.993768
0.999855
0.40754
1
1
1
1
0.999804
1
1
1
1
0.999999
1
1
1
1
0.999776
1
1
0.999996
1
1
1
0.999999
0.999998
1
1
0.789708
1
0.72029
0.999989
0.848955
0.999986
1
1
1
1
0.424997
0.999022
0.999903
0.999953
1
1
1
0.999996
1
0.999969
0.99992
0.999669
0.867756
0.99639
1
0.974934
0.377473
0.999973
0.927802
0.989273
0.89932
1
1
1
1
0.733373
1
0.999942
0.999903
0.999988
1
0.999996
0.989328
0.998501
1
1
1
1
1
1
0.999999
1
1
0.999175
0.728889
0.785724
0.292934
0.999871
1
1
1
0.916915
1
1
1
1
1
1
0.468753
1
1
1
1
1
1
0.999921
1
1
1
1
0.999902
