0
1
0.942451
1
0.752611
1
0.83123
0.999999
0.999645
1
1
1
0.998854
0.999995
1
0.999999
0.999588
1
1
1
0.99976
1
0.999731
0.999987
1
0
1
1
1
0.999998
0.99998
1
1
0.875561
1
1
1
0.458628
0.999977
0.885832
1
0.418983
1
0.986024
1
0.97176
1
1
1
1
1
0.939384
1
0.99452
1
0.999991
1
1
1
0.999985
0.886453
0.952615
0.6231
0.966853
0.438913
0.999991
1
0.999996
1
1
1
0.999708
1
1
1
1
0.986887
1
0.921317
0.999743
1
1
0.712025
0.994553
1
1
0.0992334
1
0.910337
1
0.999995
1
0.999944
1
0.999984
1
0.999997
1
0.789985
1
1
1
0.959381
0.575446
0.709953
1
1
0.158803
0.211555
0.536189
1
0.999985
0.869498
1
0.999997
1
1
1
1
1
1
0.755313
0.135533
0.67496
0.999462
0.37179
0.999852
0.913129
1
0.999346
0.99081
0.994425
1
0.0455209
1
0.94302
0.992726
0.955271
1
0.905695
0.574708
0.999815
1
1
0.999969
0.99959
0.989217
0.999617
1
1
1
1
1
0.999999
1
1
1
1
1
1
0.993834
1
0.999987
1
0.0673177
0.907119
0.936483
1
1
1
0.132381
1
0.999664
0.999778
0.775357
0.999997
0.323037
0.989915
0.99389
0.999999
0.509945
1
0.455586
0.999999
0.995858
0.988314
0.999715
1
1
1
0.999981
0.97883
1
1
0.999999
0.995746
0.999937
1
1
1
1
1
1
1
1
1
1
1
1
1
1
1
1
1
1
1
1
1
1
0.434297
1
1
1
0.999951
1
0.959836
1
0.999962
1
0.993629
0.990824
0.999999
0.981451
0.99725
1
1
0.99678
1
0.175631
0.0398285
0.0750755
0.649383
0.255419
1
0.741839
0.999999
0.376662
0.922188
0.918406
0.556177
0.229198
1
1
1
0.828185
0.9978
0.998522
0.940793
0.998558
0.999603
0.775939
0.768376
1
1
1
1
1
1
0.994066
1
0.999558
0.659225
1
0.995235
0.999995
0.999999
1
1
1
1
1
1
1
0.776216
1
0.999881
1
0.34094
1
1
1
1
1
0.999998
1
0.443755
1
0.997744
1
0.420421
