0.28959
0.252543
0.101394
0.770914
0.817369
0.420612
0.68354
0.362402
0.529207
0.091483
0.815456
0.402812
0.859836
0.569471
0.587463
0.153985
0.946868
0.748569
0.345203
0.594697
0.553814
0.195045
0.234932
0.726348
0.397979
0.879511
0.333409
0.366514
0.239116
0.988584
0.503897
0.0871191
0.454012
0.348205
0.342355
0.0296533
0.928183
0.624397
0.600028
0.713652
0.646844
0.561815
0.566785
0.0366465
0.782713
0.118868
0.00573761
0.784861
0.424515
0.879955
0.931686
0.53581
0.4219
0.358436
0.438603
0.821335
0
0.870307
0.156678
0.0392349
0.364533
0.279485
0.68998
0.0819256
0.991564
0.760474
0.56088
0.0863384
0.118348
0.653303
0.274498
0.72716
0.257086
0.723262
0.867384
0.519815
0.639898
0.978316
0.194341
0.424989
0.52178
0.0792054
0.515423
0.693019
0.561693
0.444678
0.705616
0.860936
0.380942
0.386998
0.928505
0.295746
0.368787
0.749602
0.842803
0.688573
0.723562
0.300441
0.43637
0.906702
0.597863
0.500625
0.281603
0.430486
0.514274
0.0450569
0.0800019
0.558642
0.697007
0.289972
0.749791
0.638399
0.622818
0.139722
0.871795
0.0817372
0.348505
0.00912499
0.55908
0.951734
0.541361
0.795946
0.416095
0.797805
0.933901
0.766946
0.330764
0.332667
0.914374
0.768927
0.690424
0.324251
0.876572
0.811577
0.490782
0.028859
0.938813
0.5174
0.646614
0.575012
0.855137
0.0570437
0.947268
0.484449
0.715249
0.378687
0.738648
0.171911
0.869457
0.378336
0.0848847
0.603679
0.687696
0.565167
0.290347
0.444699
0.952817
0.76185
0.802129
0.95697
0.553273
0.656984
0.155673
0.514523
0.661345
0.237712
0.573785
0.550346
0.392311
0.812398
0.112283
0.0154316
0.385476
0.121428
0.73068
0.533973
0.597552
0.531201
0.997996
0.751594
0.41466
0.0351548
0.547563
0.741102
0.750156
0.782118
0.981889
0.138834
0.0442502
0.768198
0.238952
0.570989
0.0184706
0.399202
0.691711
0.996252
0.187578
0.39167
0.634021
0.356448
0.361682
0.163566
0.354252
0.629151
0.915214
0.898037
0.986841
0.476082
0.0520557
0.31021
0.625573
0.32547
0.935748
0.849027
0.0779021
0.153879
0.138459
0.877205
0.930991
0.547173
0.011022
0.0978879
0.242404
0.759332
0.75355
0.848184
0.796896
0.955147
0.152936
0.19482
0.280743
0.155484
0.329355
0.314065
0.71087
0.255578
0.351966
0.557857
0.831617
0.747741
0.141973
0.858163
0.728963
0.0911381
0.895856
0.260005
0.598751
0.172607
0.746228
0.8569
0.113243
0.89565
0.727263
0.665963
0.0949124
0.284889
0.669797
0.934847
0.637449
0.335159
0.41466
0.083507
0.751844
0.249153
0.493792
0.380764
0.114485
0.25128
0.00787692
0.527294
0.853671
0.830567
0.85264
0.387168
0.260125
0.595212
0.523887
0.0882919
0.604584
0.461654
0.31731
0.978687
0.38411
0.388642
0.550002
0.843911
0.94122
0.208614
0.318184
0.753732
0.981335
0.235543
0.756532
0.986267
0.93966
0.549608
0.282179
0.0891857
0.762985
0.0647855
