0
0.498359
0.771232
0.216239
0.993858
0.997787
1
1
0.686672
0.999998
0.477936
1
0.992805
0.999961
0.999994
0.999954
0.958064
0.739591
1
1
1
1
1
1
0.997129
0.996742
0.27503
1
1
1
0.999074
0.999996
1
0.75508
1
1
1
1
1
1
1
0.826396
0.885738
0.99587
1
0.987529
0.778728
0.999317
0.999993
0.960539
1
0.340994
1
1
1
1
1
0.935143
0.512438
0.999725
0.999953
0.437772
0.316465
0.975106
0.999603
0.999991
0.991017
0.951211
0.999993
0.988463
1
1
1
1
0.82057
0.871793
1
1
0.950057
0.999618
1
1
1
1
0.999972
1
1
1
1
1
0.851469
0.994445
0.813565
1
0.820483
0.957928
0.995302
1
0.176937
1
0.804594
0.982889
0.999592
0.604517
1
1
0.999748
0.915892
0.97217
0.579247
1
0.67484
0.999999
1
0.999939
0.186658
0.999588
1
1
1
1
1
1
0.305086
0.999909
0.687035
1
0.998924
0.999835
0.871714
0.989481
1
1
1
0.909126
1
1
1
1
1
1
0.999943
1
0.99681
0.997892
0.997675
0.673162
0.999526
0.999933
1
1
1
1
1
1
1
0.99958
0.999987
0.300957
1
0.740906
1
1
1
0.937319
0.929628
1
1
1
1
1
1
0.622795
1
0.964609
1
0.604565
1
1
0.99999
0.99989
0.999953
0.973921
1
1
1
1
1
1
0.578928
0.864631
0.981999
1
0.677071
0.817591
1
0.999971
1
1
1
1
1
1
1
1
0.896751
0.999981
0.96753
1
0.999259
0.905726
1
1
1
1
1
1
1
1
1
1
1
1
0.34989
1
0.999986
1
0.998629
1
0.414161
0.999984
0.999547
1
1
1
1
1
1
1
0.894634
0.731018
0.97548
0.999914
0.999773
0.99733
0.808601
0.99999
0.999865
0.986566
1
1
1
1
1
0.904602
1
0.860816
1
0.868914
1
1
1
0.309105
0.9998
0.553121
1
1
0.999882
0.919525
1
1
0.999999
0.89268
0.995434
0.969495
0.0530988
0
0.999989
0.557278
0.74146
0.267301
0.956205
1
1
1
1
1
0.518568
0.688764
1
1
0.994613
1
0.997199
0.999952
0.942398
1
1
1
1
